<?xml version="1.0" encoding="UTF-8" standalone="no" ?>
<SimscapeMultibodyImportXML version="2.0" xmlns="urn:mathworks:SimscapeMultibody:import" xmlns:xsi="http://www.w3.org/2001/XMLSchema-instance">
<Created by="" on="05/13/23||00:12:05" using="Simscape Multibody Link Version 7.4" from="SolidWorks 29.0.0"/>
<ModelUnits mass="kilogram" length="millimeter"/>
<DataUnits mass="kilogram" length="meter"/>
<RootAssembly name="final_guitar_mechanism" uid="final_guitar_mechanism" version="1360">
<AssemblyFile name="final_guitar_mechanism.SLDASM" type="SolidWorks Assembly"/>
<InstanceTree>
<Instance name="base-1" uid="base-1" grounded="true" entityUid="base*:*Default">
<Transform>
<Rotation>3.4914813388431334e-15 1 -6.9829626776862667e-15 1 -3.4914813388431334e-15 0 0 -6.9829626776862667e-15 -1</Rotation>
<Translation>0.030439911441302481 0.1466648825974636 0.30935976804301074</Translation>
</Transform>
</Instance>
<Instance name="rack_base_assembly-3" uid="rack_base_assembly-3" entityUid="rack_base_assembly" rigid="true">
<Transform>
<Rotation>-1 3.4914813388431334e-15 -3.4914813388431211e-15 -3.4914813388431334e-15 -3.4914813388431334e-15 1 3.4914813388431211e-15 1 3.4914813388431456e-15</Rotation>
<Translation>1.0767068885963167 0.81140678104172015 0.33070011718774756</Translation>
</Transform>
<Instance name="rack_base-1" uid="rack_base-1" grounded="true" entityUid="rack_base*:*Default">
<Transform>
<Rotation>1 0 0 0 1 0 0 0 1</Rotation>
<Translation>0.048905332177412442 0.02384782289828058 0.071431389267789247</Translation>
</Transform>
</Instance>
<Instance name="rack_support-1" uid="rack_support-1" entityUid="rack_support*:*Default">
<Transform>
<Rotation>-0.79793980655573493 0.60273714429575087 0 -0.60273714429575087 -0.79793980655573493 0 0 0 1</Rotation>
<Translation>-0.016901579533551425 0.078810048889921158 0.071431389267789247</Translation>
</Transform>
</Instance>
</Instance>
<Instance name="rack_base_assembly-8" uid="rack_base_assembly-8" entityUid="rack_base_assembly" rigid="true">
<Transform>
<Rotation>1 6.9829626776862667e-15 -6.9829626776862667e-15 -6.9829626776862667e-15 0 -1 -6.9829626776862667e-15 1 0</Rotation>
<Translation>0.78655883064831333 0.85976955957728896 0.33070011718774128</Translation>
</Transform>
<Instance name="rack_base-1" uid="rack_base-1" grounded="true" entityUid="rack_base*:*Default">
<Transform>
<Rotation>1 0 0 0 1 0 0 0 1</Rotation>
<Translation>0.048905332177412331 0.02384782289828058 0.071431389267789025</Translation>
</Transform>
</Instance>
<Instance name="rack_support-1" uid="rack_support-1" entityUid="rack_support*:*Default">
<Transform>
<Rotation>-0.79793980655573471 0.60273714429575065 0 -0.60273714429575065 -0.79793980655573471 0 0 0 0.99999999999999989</Rotation>
<Translation>-0.016901579533551314 0.078810048889921214 0.071431389267789136</Translation>
</Transform>
</Instance>
</Instance>
<Instance name="rack_base_assembly-9" uid="rack_base_assembly-9" entityUid="rack_base_assembly" rigid="true">
<Transform>
<Rotation>1 6.9829626776862667e-15 -6.9829626776862667e-15 -6.9829626776862667e-15 0 -1 -6.9829626776862667e-15 1 0</Rotation>
<Translation>0.8565588306483134 0.85976955957728851 0.33070011718774128</Translation>
</Transform>
<Instance name="rack_base-1" uid="rack_base-1" grounded="true" entityUid="rack_base*:*Default">
<Transform>
<Rotation>1 0 0 0 1 0 0 0 1</Rotation>
<Translation>0.048905332177412331 0.02384782289828058 0.071431389267789136</Translation>
</Transform>
</Instance>
<Instance name="rack_support-1" uid="rack_support-1" entityUid="rack_support*:*Default">
<Transform>
<Rotation>-0.79793980655573471 0.60273714429575065 0 -0.60273714429575065 -0.79793980655573471 0 0 0 0.99999999999999989</Rotation>
<Translation>-0.016901579533551314 0.078810048889921214 0.071431389267789136</Translation>
</Transform>
</Instance>
</Instance>
<Instance name="rack_base_assembly-5" uid="rack_base_assembly-5" entityUid="rack_base_assembly" rigid="true">
<Transform>
<Rotation>-1 3.4914813388431334e-15 -3.4914813388431211e-15 -3.4914813388431334e-15 -3.4914813388431334e-15 1 3.4914813388431211e-15 1 3.4914813388431456e-15</Rotation>
<Translation>0.80948032609631815 0.77790678104171784 0.33070011718774661</Translation>
</Transform>
<Instance name="rack_base-1" uid="rack_base-1" grounded="true" entityUid="rack_base*:*Default">
<Transform>
<Rotation>1 0 0 0 1 0 0 0 1</Rotation>
<Translation>0.04890533217741222 0.02384782289828058 0.071431389267789136</Translation>
</Transform>
</Instance>
<Instance name="rack_support-1" uid="rack_support-1" entityUid="rack_support*:*Default">
<Transform>
<Rotation>-0.79793980655573493 0.60273714429575087 0 -0.60273714429575087 -0.79793980655573493 0 0 0 1</Rotation>
<Translation>-0.016901579533551314 0.078810048889921214 0.071431389267789136</Translation>
</Transform>
</Instance>
</Instance>
<Instance name="rack_base_assembly-4" uid="rack_base_assembly-4" entityUid="rack_base_assembly" rigid="true">
<Transform>
<Rotation>-1 6.9829626776862659e-15 0 0 0 1 6.9829626776862699e-15 1 0</Rotation>
<Translation>0.88057407609632354 0.84790678104171491 0.33070011718774112</Translation>
</Transform>
<Instance name="rack_base-1" uid="rack_base-1" grounded="true" entityUid="rack_base*:*Default">
<Transform>
<Rotation>1 0 0 0 1 0 0 0 1</Rotation>
<Translation>0.04890533217741222 0.023847822898280635 0.071431389267789136</Translation>
</Transform>
</Instance>
<Instance name="rack_support-1" uid="rack_support-1" entityUid="rack_support*:*Default">
<Transform>
<Rotation>-0.79793980655573493 0.60273714429575087 0 -0.60273714429575087 -0.79793980655573493 0 0 0 1</Rotation>
<Translation>-0.016901579533551314 0.078810048889921158 0.071431389267789136</Translation>
</Transform>
</Instance>
</Instance>
<Instance name="rack_base_assembly-10" uid="rack_base_assembly-10" entityUid="rack_base_assembly" rigid="true">
<Transform>
<Rotation>1 6.9829626776862667e-15 -6.9829626776862667e-15 -6.9829626776862667e-15 0 -1 -6.9829626776862667e-15 1 0</Rotation>
<Translation>0.98575414314831233 0.88926955957728904 0.33070011718774112</Translation>
</Transform>
<Instance name="rack_base-1" uid="rack_base-1" grounded="true" entityUid="rack_base*:*Default">
<Transform>
<Rotation>1 0 0 0 1 0 0 0 1</Rotation>
<Translation>0.048905332177412331 0.02384782289828058 0.071431389267789136</Translation>
</Transform>
</Instance>
<Instance name="rack_support-1" uid="rack_support-1" entityUid="rack_support*:*Default">
<Transform>
<Rotation>-0.79793980655573471 0.60273714429575065 0 -0.60273714429575065 -0.79793980655573471 0 0 0 0.99999999999999989</Rotation>
<Translation>-0.016901579533551203 0.078810048889921214 0.071431389267789136</Translation>
</Transform>
</Instance>
</Instance>
<Instance name="rack_base_assembly-11" uid="rack_base_assembly-11" entityUid="rack_base_assembly" rigid="true">
<Transform>
<Rotation>1 6.9829626776862667e-15 -6.9829626776862667e-15 -6.9829626776862667e-15 0 -1 -6.9829626776862667e-15 1 0</Rotation>
<Translation>0.85572289314831407 0.8062695595772873 0.33070011718774128</Translation>
</Transform>
<Instance name="rack_base-1" uid="rack_base-1" grounded="true" entityUid="rack_base*:*Default">
<Transform>
<Rotation>1 0 0 0 1 0 0 0 1</Rotation>
<Translation>0.048905332177412442 0.02384782289828058 0.071431389267789136</Translation>
</Transform>
</Instance>
<Instance name="rack_support-1" uid="rack_support-1" entityUid="rack_support*:*Default">
<Transform>
<Rotation>-0.79793980655573471 0.60273714429575065 0 -0.60273714429575065 -0.79793980655573471 0 0 0 0.99999999999999989</Rotation>
<Translation>-0.016901579533551203 0.078810048889921214 0.071431389267789136</Translation>
</Transform>
</Instance>
</Instance>
<Instance name="guitar-1" uid="guitar-1" entityUid="guitar*:*Default">
<Transform>
<Rotation>1 0 0 0 1 0 0 0 1</Rotation>
<Translation>0.91237114087231364 0.9373381703124829 0.40535976804300916</Translation>
</Transform>
</Instance>
<Instance name="rack_base_assembly-1" uid="rack_base_assembly-1" entityUid="rack_base_assembly" rigid="true">
<Transform>
<Rotation>-1 0 0 0 -1.265814980524889e-16 0.99999999999999989 0 0.99999999999999989 1.265814980524889e-16</Rotation>
<Translation>1.0067068885963186 0.8114067810417176 0.33070011718774805</Translation>
</Transform>
<Instance name="rack_base-1" uid="rack_base-1" grounded="true" entityUid="rack_base*:*Default">
<Transform>
<Rotation>1 0 0 0 1 0 0 0 1</Rotation>
<Translation>0.048905332177412331 0.023847822898280635 0.071431389267789136</Translation>
</Transform>
</Instance>
<Instance name="rack_support-1" uid="rack_support-1" entityUid="rack_support*:*Default">
<Transform>
<Rotation>-0.79793980655573471 0.60273714429575065 0 -0.60273714429575054 -0.79793980655573471 0 0 0 0.99999999999999978</Rotation>
<Translation>-0.016901579533551203 0.078810048889921158 0.071431389267789136</Translation>
</Transform>
</Instance>
</Instance>
<Instance name="rack_base_assembly-6" uid="rack_base_assembly-6" entityUid="rack_base_assembly" rigid="true">
<Transform>
<Rotation>-1 3.4914813388431334e-15 -3.4914813388431211e-15 -3.4914813388431334e-15 -3.4914813388431334e-15 1 3.4914813388431211e-15 1 3.4914813388431456e-15</Rotation>
<Translation>0.87948032609631688 0.77790678104171951 0.33070011718774689</Translation>
</Transform>
<Instance name="rack_base-1" uid="rack_base-1" grounded="true" entityUid="rack_base*:*Default">
<Transform>
<Rotation>1 0 0 0 1 0 0 0 1</Rotation>
<Translation>0.04890533217741222 0.023847822898280635 0.071431389267789247</Translation>
</Transform>
</Instance>
<Instance name="rack_support-1" uid="rack_support-1" entityUid="rack_support*:*Default">
<Transform>
<Rotation>-0.79793980655573493 0.60273714429575087 0 -0.60273714429575087 -0.79793980655573493 0 0 0 1</Rotation>
<Translation>-0.016901579533551314 0.078810048889921214 0.071431389267789247</Translation>
</Transform>
</Instance>
</Instance>
<Instance name="rack_base_assembly-2" uid="rack_base_assembly-2" entityUid="rack_base_assembly" rigid="true">
<Transform>
<Rotation>-1 3.4914813388431334e-15 -3.4914813388431211e-15 -3.4914813388431334e-15 -3.4914813388431334e-15 1 3.4914813388431211e-15 1 3.4914813388431456e-15</Rotation>
<Translation>0.81057407609631937 0.84790678104171646 0.33070011718774689</Translation>
</Transform>
<Instance name="rack_base-1" uid="rack_base-1" grounded="true" entityUid="rack_base*:*Default">
<Transform>
<Rotation>1 0 0 0 1 0 0 0 1</Rotation>
<Translation>0.048905332177412331 0.02384782289828058 0.071431389267789136</Translation>
</Transform>
</Instance>
<Instance name="rack_support-1" uid="rack_support-1" entityUid="rack_support*:*Default">
<Transform>
<Rotation>-0.79793980655573493 0.60273714429575087 0 -0.60273714429575087 -0.79793980655573493 0 0 0 1</Rotation>
<Translation>-0.016901579533551203 0.078810048889921158 0.071431389267789136</Translation>
</Transform>
</Instance>
</Instance>
<Instance name="motor base-5" uid="motor base-5" entityUid="motor base*:*Default">
<Transform>
<Rotation>0.99991044473519364 0.013382918570587187 0 0 0 -0.99999999999999989 -0.013382918570587187 0.99991044473519364 0</Rotation>
<Translation>1.003363177263022 0.74883817030950661 0.31847042741155773</Translation>
</Transform>
</Instance>
<Instance name="rack_base_assembly-13" uid="rack_base_assembly-13" entityUid="rack_base_assembly" rigid="true">
<Transform>
<Rotation>1 6.9829626776862667e-15 -6.9829626776862667e-15 -6.9829626776862667e-15 0 -1 -6.9829626776862667e-15 1 0</Rotation>
<Translation>0.98664476814831203 0.83226955957728888 0.33070011718774112</Translation>
</Transform>
<Instance name="rack_base-1" uid="rack_base-1" grounded="true" entityUid="rack_base*:*Default">
<Transform>
<Rotation>1 0 0 0 1 0 0 0 1</Rotation>
<Translation>0.04890533217741222 0.02384782289828058 0.071431389267789136</Translation>
</Transform>
</Instance>
<Instance name="rack_support-1" uid="rack_support-1" entityUid="rack_support*:*Default">
<Transform>
<Rotation>-0.79793980655573471 0.60273714429575065 0 -0.60273714429575065 -0.79793980655573471 0 0 0 0.99999999999999989</Rotation>
<Translation>-0.016901579533551314 0.078810048889921214 0.071431389267789136</Translation>
</Transform>
</Instance>
</Instance>
<Instance name="motor base-8" uid="motor base-8" entityUid="motor base*:*Default">
<Transform>
<Rotation>0.99991044473520108 0.013382918570047714 1.9613072956978094e-16 1.9768396634468253e-16 -1.1473828574165631e-16 -0.99999999999999989 -0.013382918570047714 0.99991044473520108 -1.1737359874828902e-16</Rotation>
<Translation>0.82223036476288203 0.77783817030950764 0.31847042741198334</Translation>
</Transform>
</Instance>
<Instance name="servo_supporter-1" uid="servo_supporter-1" entityUid="servo_supporter*:*Default">
<Transform>
<Rotation>1 7.0696988514851071e-15 -6.8962265038874271e-15 -6.8962265038874271e-15 0 -1 -7.0696988514851071e-15 1 0</Rotation>
<Translation>0.93237114087231632 0.44033817030955819 0.30935976804300941</Translation>
</Transform>
</Instance>
<Instance name="servo_assembly-1" uid="servo_assembly-1" entityUid="servo_assembly">
<Transform>
<Rotation>-1 -3.4914813388431314e-15 -2.5232341468753121e-16 2.5232341468754438e-16 0 -1 3.4914813388431361e-15 -1 0</Rotation>
<Translation>0.92690135831624698 0.43107650707144479 0.44707457179581284</Translation>
</Transform>
<Instance name="servo_motor_plug-1" uid="servo_motor_plug-1" entityUid="servo_motor_plug*:*Default">
<Transform>
<Rotation>-0.99869485971784 0.051074231988000013 0 -0.051074231988000013 -0.99869485971784 0 0 0 1</Rotation>
<Translation>0.018509473716116442 0.024214803782809768 0.046738336796262936</Translation>
</Transform>
</Instance>
<Instance name="servo_motor-1" uid="servo_motor-1" grounded="true" entityUid="servo_motor*:*Default">
<Transform>
<Rotation>-3.4914813388431381e-15 -1 0 1 -3.4914813388431286e-15 0 0 0 1</Rotation>
<Translation>0.02450947375891821 0.0077148037527904889 0.017738336761880191</Translation>
</Transform>
</Instance>
<Instance name="servo_shaft-1" uid="servo_shaft-1" entityUid="servo_shaft*:*Default">
<Transform>
<Rotation>0.76882979421323439 0.6394534756571707 0 -0.6394534756571707 0.76882979421323439 0 0 0 1</Rotation>
<Translation>0.018509473758918205 0.024214803752790504 0.029738336761880202</Translation>
</Transform>
</Instance>
</Instance>
<Instance name="rack_base_assembly-12" uid="rack_base_assembly-12" entityUid="rack_base_assembly" rigid="true">
<Transform>
<Rotation>1 6.9829626776862667e-15 -6.9829626776862667e-15 -6.9829626776862667e-15 0 -1 -6.9829626776862667e-15 1 0</Rotation>
<Translation>0.78572289314831401 0.80626955957728774 0.33070011718774128</Translation>
</Transform>
<Instance name="rack_base-1" uid="rack_base-1" grounded="true" entityUid="rack_base*:*Default">
<Transform>
<Rotation>1 0 0 0 1 0 0 0 1</Rotation>
<Translation>0.048905332177412442 0.02384782289828058 0.071431389267789136</Translation>
</Transform>
</Instance>
<Instance name="rack_support-1" uid="rack_support-1" entityUid="rack_support*:*Default">
<Transform>
<Rotation>-0.79793980655573471 0.60273714429575065 0 -0.60273714429575065 -0.79793980655573471 0 0 0 0.99999999999999989</Rotation>
<Translation>-0.016901579533551203 0.078810048889921214 0.071431389267789136</Translation>
</Transform>
</Instance>
</Instance>
<Instance name="frets_assembly-4" uid="frets_assembly-4" entityUid="frets_assembly">
<Transform>
<Rotation>0.98617658096927818 -0.16569777049720699 1.5859297104985789e-14 1.3757638502003721e-14 -1.3831424514592867e-14 -1 0.16569777049720699 0.98617658096927818 -1.1360616910647294e-14</Rotation>
<Translation>0.83929964685648617 1.1671643160304128 0.41257294826754454</Translation>
</Transform>
<Instance name="shaft-2" uid="shaft-2" entityUid="shaft*:*Default">
<Transform>
<Rotation>1 0 0 0 1 0 0 0 1</Rotation>
<Translation>0.011647996466751076 0.04633718546398613 0.20482614572089719</Translation>
</Transform>
</Instance>
<Instance name="solenoid body-1" uid="solenoid body-1" entityUid="solenoid body*:*Default">
<Transform>
<Rotation>0.16569777049720624 -0.98617658096927829 -1.5985344324921885e-14 0.98617658096927829 0.16569777049720624 9.4242205255098966e-16 1.7193413576549404e-15 -1.5920529444943226e-14 1</Rotation>
<Translation>0.083118043841449385 0.00054760287029809174 0.24582614632058419</Translation>
</Transform>
</Instance>
<Instance name="rackandpinion-1" uid="rackandpinion-1" entityUid="rackandpinion">
<Transform>
<Rotation>-0.041929025392970096 0.99912059173535006 -7.3567076978763778e-15 -0.99912059173535006 -0.041929025392970096 6.7312747768001941e-15 6.4168956542569275e-15 7.6324739393697751e-15 1</Rotation>
<Translation>-0.069900824527028504 0.069419167617127853 0.19809267547856158</Translation>
</Transform>
<Instance name="rack-1" uid="rack-1" entityUid="rack*:*Default">
<Transform>
<Rotation>0.12420263160298435 -0.99225687516030514 -6.8331262349699047e-15 0.99225687516030514 0.12420263160298435 -6.7537623416311718e-15 7.5501593771414297e-15 -5.9413814294353713e-15 1</Rotation>
<Translation>0.03566655916589101 -0.0016247889943351579 0.046733470243257136</Translation>
</Transform>
</Instance>
<Instance name="gear_pinion-1" uid="gear_pinion-1" entityUid="gear_pinion*:*Default">
<Transform>
<Rotation>0.89025031406072408 0.4554715998992494 -6.5180787445797886e-15 -0.4554715998992494 0.89025031406072408 -3.5659319957680417e-15 4.1785408981902932e-15 6.1433718332147328e-15 0.99999999999999989</Rotation>
<Translation>0.019642421034348934 0.082444911299683232 0.046733470249753939</Translation>
</Transform>
</Instance>
</Instance>
<Instance name="solenoid_shaft-1" uid="solenoid_shaft-1" entityUid="solenoid_shaft*:*Default">
<Transform>
<Rotation>-0.60168529909145951 -0.78135718446138325 -0.16569777049737536 0.10109539663019927 0.13128393629071139 -0.98617658096924976 0.7923096122333767 -0.61011923290664771 -1.4985307350827754e-15</Rotation>
<Translation>0.080155640448958065 0.010061091430273006 0.24982614571388295</Translation>
</Transform>
</Instance>
<Instance name="motor casing-1" uid="motor casing-1" entityUid="motor casing*:*Default">
<Transform>
<Rotation>-0.13692369438904889 0.99058159780749744 -1.3958610550595655e-14 -0.99058159780749744 -0.13692369438904889 1.3898750133764614e-14 1.1856581589906202e-14 1.573021095808698e-14 1</Rotation>
<Translation>0.011647996466730315 0.046337185463970254 0.20482614572090574</Translation>
</Transform>
</Instance>
</Instance>
<Instance name="frets_assembly-12" uid="frets_assembly-12" entityUid="frets_assembly">
<Transform>
<Rotation>-0.98617658096927796 0.16569777049720674 -8.8840799380235262e-15 -6.8983533517979512e-15 1.2559525749711584e-14 0.99999999999999967 0.16569777049720674 0.98617658096927796 -1.1242868391951321e-14</Rotation>
<Translation>1.026012947388186 0.51301202458062001 0.41257294826754437</Translation>
</Transform>
<Instance name="rackandpinion-1" uid="rackandpinion-1" entityUid="rackandpinion">
<Transform>
<Rotation>-0.041929025392970075 0.99912059173534995 -7.3567076978763715e-15 -0.99912059173534995 -0.041929025392970075 6.731274776800191e-15 6.4168956542569244e-15 7.6324739393697562e-15 1.0000000000000002</Rotation>
<Translation>-0.069900824527028615 0.069419167617127853 0.19809267547856158</Translation>
</Transform>
<Instance name="rack-1" uid="rack-1" entityUid="rack*:*Default">
<Transform>
<Rotation>0.12420263160298435 -0.99225687516030514 -6.8331262349699434e-15 0.99225687516030514 0.12420263160298435 -6.7537623416314234e-15 7.5501593771411788e-15 -5.9413814294353334e-15 1</Rotation>
<Translation>0.035192250590364349 -0.0054140480600957108 0.046733470250316045</Translation>
</Transform>
</Instance>
<Instance name="gear_pinion-1" uid="gear_pinion-1" entityUid="gear_pinion*:*Default">
<Transform>
<Rotation>0.85698176772149603 0.51534672774059598 -6.0904377096312581e-15 -0.51534672774059598 0.85698176772149603 3.8615434798651081e-16 5.4183974542351066e-15 2.8077599084155789e-15 0.99999999999999978</Rotation>
<Translation>0.019389353501351514 0.080423150228670304 0.046733470250330811</Translation>
</Transform>
</Instance>
</Instance>
<Instance name="solenoid body-1" uid="solenoid body-1" entityUid="solenoid body*:*Default">
<Transform>
<Rotation>0.16569777049720538 -0.98617658096927818 -1.5985344324920001e-14 0.98617658096927818 0.16569777049720538 9.42422052550895e-16 1.7193413576547084e-15 -1.5920529444941348e-14 0.99999999999999989</Rotation>
<Translation>0.079351995645651763 0.0011803761522173328 0.24582614572878791</Translation>
</Transform>
</Instance>
<Instance name="solenoid_shaft-1" uid="solenoid_shaft-1" entityUid="solenoid_shaft*:*Default">
<Transform>
<Rotation>-0.72181577294253974 0.67195702153011139 -0.16569777049720769 0.12127976530201601 -0.11290247860890049 -0.98617658096927785 -0.68137596703996828 -0.73193359776713895 -1.5681900222830336e-15</Rotation>
<Translation>0.074853704376909413 0.0015527836390347716 0.2498261457288703</Translation>
</Transform>
</Instance>
<Instance name="motor casing-1" uid="motor casing-1" entityUid="motor casing*:*Default">
<Transform>
<Rotation>-0.13692369438904883 0.99058159780749722 -1.3958610550595553e-14 -0.99058159780749722 -0.13692369438904883 1.3898750133764604e-14 1.185658158990621e-14 1.573021095808687e-14 0.99999999999999978</Rotation>
<Translation>0.0096386286352040385 0.046674800254669191 0.2048261457248951</Translation>
</Transform>
</Instance>
<Instance name="shaft-2" uid="shaft-2" entityUid="shaft*:*Default">
<Transform>
<Rotation>1 0 0 0 1 0 0 0 1</Rotation>
<Translation>0.009638628635206814 0.046674800254666526 0.20482614572489555</Translation>
</Transform>
</Instance>
</Instance>
<Instance name="servo_assembly-2" uid="servo_assembly-2" entityUid="servo_assembly">
<Transform>
<Rotation>-1 6.9829626776862667e-15 0 0 3.4914813388431334e-15 -1 -6.9829626776862667e-15 -1 -3.4914813388431334e-15</Rotation>
<Translation>0.94586022013227933 0.43107650707144329 0.44707457179582438</Translation>
</Transform>
<Instance name="servo_shaft-1" uid="servo_shaft-1" entityUid="servo_shaft*:*Default">
<Transform>
<Rotation>0.76882979421323439 0.6394534756571707 0 -0.6394534756571707 0.76882979421323439 0 0 0 1</Rotation>
<Translation>0.018509473758918094 0.024214803752790504 0.029738336761880202</Translation>
</Transform>
</Instance>
<Instance name="servo_motor-1" uid="servo_motor-1" grounded="true" entityUid="servo_motor*:*Default">
<Transform>
<Rotation>-3.4914813388431334e-15 -1 0 1 -3.4914813388431334e-15 0 0 0 1</Rotation>
<Translation>0.02450947375891821 0.0077148037527905444 0.017738336761880191</Translation>
</Transform>
</Instance>
<Instance name="servo_motor_plug-1" uid="servo_motor_plug-1" entityUid="servo_motor_plug*:*Default">
<Transform>
<Rotation>-0.99002709114873477 0.14087710527823541 0 -0.14087710527823541 -0.99002709114873477 -3.4302489988857622e-15 -4.8324354934658187e-16 -3.3960394382827318e-15 1</Rotation>
<Translation>0.018509473757531869 0.024214803754257053 0.04673833676332767</Translation>
</Transform>
</Instance>
</Instance>
<Instance name="servo_assembly-3" uid="servo_assembly-3" entityUid="servo_assembly">
<Transform>
<Rotation>-1 6.9829626776862667e-15 0 0 3.4914813388431334e-15 -1 -6.9829626776862667e-15 -1 -3.4914813388431334e-15</Rotation>
<Translation>0.96558921347351423 0.43107650707144329 0.44707457179582472</Translation>
</Transform>
<Instance name="servo_motor-1" uid="servo_motor-1" grounded="true" entityUid="servo_motor*:*Default">
<Transform>
<Rotation>-3.4914813388431334e-15 -1 0 1 -3.4914813388431334e-15 0 0 0 1</Rotation>
<Translation>0.02450947375891821 0.0077148037527904889 0.017738336761880191</Translation>
</Transform>
</Instance>
<Instance name="servo_motor_plug-1" uid="servo_motor_plug-1" entityUid="servo_motor_plug*:*Default">
<Transform>
<Rotation>-0.99987202988782053 -0.015997620073287658 0 0.015997620073287658 -0.99987202988782053 -3.4302489988857689e-15 0 -3.4298100295365781e-15 0.99999999999999989</Rotation>
<Translation>0.018509479794269978 0.024214791947071657 0.046738324956142108</Translation>
</Transform>
</Instance>
<Instance name="servo_shaft-1" uid="servo_shaft-1" entityUid="servo_shaft*:*Default">
<Transform>
<Rotation>0.76882979421323439 0.6394534756571707 0 -0.6394534756571707 0.76882979421323439 0 0 0 1</Rotation>
<Translation>0.018509473758918094 0.024214803752790448 0.029738336761880202</Translation>
</Transform>
</Instance>
</Instance>
<Instance name="servo_assembly-4" uid="servo_assembly-4" entityUid="servo_assembly">
<Transform>
<Rotation>1 0 0 0 1.04744440165294e-14 1 0 -1 1.04744440165294e-14</Rotation>
<Translation>0.9368199201497609 0.39959983354767975 0.447074571795814</Translation>
</Transform>
<Instance name="servo_motor_plug-1" uid="servo_motor_plug-1" entityUid="servo_motor_plug*:*Default">
<Transform>
<Rotation>-0.98624759423175234 -0.16527456813460711 0 0.16527456813460711 -0.98624759423175234 1.0413211676572039e-14 -1.7210390627397283e-15 1.0270004964245161e-14 0.99999999999999989</Rotation>
<Translation>0.018509473760021766 0.024214803754612602 0.046738336762449928</Translation>
</Transform>
</Instance>
<Instance name="servo_shaft-1" uid="servo_shaft-1" entityUid="servo_shaft*:*Default">
<Transform>
<Rotation>0.76882979421323439 0.6394534756571707 0 -0.6394534756571707 0.76882979421323439 0 0 0 1</Rotation>
<Translation>0.018509473758918205 0.024214803752790504 0.029738336761880257</Translation>
</Transform>
</Instance>
<Instance name="servo_motor-1" uid="servo_motor-1" grounded="true" entityUid="servo_motor*:*Default">
<Transform>
<Rotation>-3.4914813388431334e-15 -1 0 1 -3.4914813388431334e-15 0 0 0 1</Rotation>
<Translation>0.02450947375891821 0.0077148037527905444 0.017738336761880247</Translation>
</Transform>
</Instance>
</Instance>
<Instance name="frets_assembly-8" uid="frets_assembly-8" entityUid="frets_assembly">
<Transform>
<Rotation>0.98617658096927807 -0.16569777049720708 8.9519360875018361e-15 6.9653640836698071e-15 -1.25702183198476e-14 -1 0.16569777049720708 0.98617658096927807 -1.1242309625339246e-14</Rotation>
<Translation>0.83929964685648051 0.98266431603041227 0.41257294826754437</Translation>
</Transform>
<Instance name="shaft-2" uid="shaft-2" entityUid="shaft*:*Default">
<Transform>
<Rotation>1 0 0 0 1 0 0 0 1</Rotation>
<Translation>0.011647996466731314 0.046337185463981467 0.20482614572090541</Translation>
</Transform>
</Instance>
<Instance name="solenoid body-1" uid="solenoid body-1" entityUid="solenoid body*:*Default">
<Transform>
<Rotation>0.16569777049720624 -0.98617658096927818 -1.5985344324938915e-14 0.98617658096927818 0.16569777049720624 9.4242205255162233e-16 1.7193413576572028e-15 -1.5920529444960603e-14 0.99999999999999989</Rotation>
<Translation>0.10471597551940381 -0.003081288527646886 0.24582614572100769</Translation>
</Transform>
</Instance>
<Instance name="rackandpinion-1" uid="rackandpinion-1" entityUid="rackandpinion">
<Transform>
<Rotation>-0.041929025392970068 0.99912059173534984 -7.3567076978763762e-15 -0.99912059173534984 -0.041929025392970068 6.7312747768001941e-15 6.4168956542569244e-15 7.632473939370007e-15 0.99999999999999989</Rotation>
<Translation>-0.069900824527028393 0.069419167617127742 0.19809267547856158</Translation>
</Transform>
<Instance name="gear_pinion-1" uid="gear_pinion-1" entityUid="gear_pinion*:*Default">
<Transform>
<Rotation>0.93253300417278462 -0.36108474923275419 -5.5858055192490273e-15 0.36108474923275419 0.93253300417278462 3.2966593171353797e-15 4.0185745987565652e-15 -5.091192801923426e-15 0.99999999999999978</Rotation>
<Translation>0.019642420316630105 0.082444911270992405 0.046733470242344199</Translation>
</Transform>
</Instance>
<Instance name="rack-1" uid="rack-1" entityUid="rack*:*Default">
<Transform>
<Rotation>0.12420263160298434 -0.99225687516030503 -6.8331262349697698e-15 0.99225687516030503 0.12420263160298434 -6.7537623416313627e-15 7.5501593771411189e-15 -5.941381429435253e-15 0.99999999999999978</Rotation>
<Translation>0.038386680547171814 0.020106304796547625 0.046733470063015647</Translation>
</Transform>
</Instance>
</Instance>
<Instance name="solenoid_shaft-1" uid="solenoid_shaft-1" entityUid="solenoid_shaft*:*Default">
<Transform>
<Rotation>-0.98065325973434925 0.10422779391625688 -0.16569777049720694 0.16476973992739982 -0.017512394239569164 -0.98617658096927796 -0.10568877412786946 -0.99439925735257262 -1.7303580790370497e-15</Rotation>
<Translation>0.10178837061370183 0.0066393083305066325 0.24982614572088946</Translation>
</Transform>
</Instance>
<Instance name="motor casing-1" uid="motor casing-1" entityUid="motor casing*:*Default">
<Transform>
<Rotation>-0.13692369438904889 0.99058159780749733 -1.3958610550597012e-14 -0.99058159780749733 -0.13692369438904889 1.3898750133764648e-14 1.1856581589906027e-14 1.5730210958088567e-14 1</Rotation>
<Translation>0.011647996466742194 0.046337185463970476 0.20482614572091362</Translation>
</Transform>
</Instance>
</Instance>
<Instance name="rack_base_assembly-15" uid="rack_base_assembly-15" entityUid="rack_base_assembly" rigid="true">
<Transform>
<Rotation>1 6.9829626776862667e-15 -6.9829626776862667e-15 -6.9829626776862667e-15 0 -1 -6.9829626776862667e-15 1 0</Rotation>
<Translation>1.0566447681483124 0.83226955957728843 0.33070011718774112</Translation>
</Transform>
<Instance name="rack_base-1" uid="rack_base-1" grounded="true" entityUid="rack_base*:*Default">
<Transform>
<Rotation>1 0 0 0 1 0 0 0 1</Rotation>
<Translation>0.04890533217741222 0.02384782289828058 0.071431389267789025</Translation>
</Transform>
</Instance>
<Instance name="rack_support-1" uid="rack_support-1" entityUid="rack_support*:*Default">
<Transform>
<Rotation>-0.79793980655573471 0.60273714429575065 0 -0.60273714429575065 -0.79793980655573471 0 0 0 0.99999999999999989</Rotation>
<Translation>-0.016901579533551425 0.078810048889921214 0.071431389267789136</Translation>
</Transform>
</Instance>
</Instance>
<Instance name="frets_assembly-6" uid="frets_assembly-6" entityUid="frets_assembly">
<Transform>
<Rotation>0.98617658096927019 -0.16569777049725382 1.9379349619066634e-14 1.6670793306019282e-14 -1.7737134698139551e-14 -1 0.16569777049725382 0.98617658096927019 -1.4729633569574588e-14</Rotation>
<Translation>0.81895973872875849 1.0971643160304199 0.412572948267587</Translation>
</Transform>
<Instance name="solenoid_shaft-1" uid="solenoid_shaft-1" entityUid="solenoid_shaft*:*Default">
<Transform>
<Rotation>-0.97240448458188178 0.16423692403745371 -0.1656977704972537 0.16338377753645922 -0.027595151488574426 -0.98617658096927008 -0.16653906329435661 -0.98603485759735598 -1.5300261058115439e-15</Rotation>
<Translation>0.10326984819459284 0.0055389444944079491 0.24982614572091466</Translation>
</Transform>
</Instance>
<Instance name="shaft-2" uid="shaft-2" entityUid="shaft*:*Default">
<Transform>
<Rotation>1 0 0 0 1 0 0 0 1</Rotation>
<Translation>0.031706737521387751 0.042966908035055096 0.2048261457213536</Translation>
</Transform>
</Instance>
<Instance name="motor casing-1" uid="motor casing-1" entityUid="motor casing*:*Default">
<Transform>
<Rotation>-0.13692369438904886 0.99058159780749733 -1.3958610550595409e-14 -0.99058159780749733 -0.13692369438904886 1.3898750133764011e-14 1.1856581589905352e-14 1.5730210958086529e-14 1</Rotation>
<Translation>0.031706737521384531 0.04296690803504577 0.20482614572091162</Translation>
</Transform>
</Instance>
<Instance name="rackandpinion-1" uid="rackandpinion-1" entityUid="rackandpinion">
<Transform>
<Rotation>-0.041929025392970068 0.99912059173534984 -7.3567076978763399e-15 -0.99912059173534984 -0.041929025392970068 6.7312747768000419e-15 6.4168956542567777e-15 7.6324739393697199e-15 0.99999999999999989</Rotation>
<Translation>-0.069900824527028393 0.069419167617127853 0.19809267547856169</Translation>
</Transform>
<Instance name="rack-1" uid="rack-1" entityUid="rack*:*Default">
<Transform>
<Rotation>0.12420263160298436 -0.99225687516030514 -6.8331262349635946e-15 0.99225687516030514 0.12420263160298436 -6.7537623416297313e-15 7.5501593771387334e-15 -5.9413814294293302e-15 1</Rotation>
<Translation>0.03859078593217008 0.021736906914499809 0.046733470242349973</Translation>
</Transform>
</Instance>
<Instance name="gear_pinion-1" uid="gear_pinion-1" entityUid="gear_pinion*:*Default">
<Transform>
<Rotation>0.93948646229425137 0.34258602885382328 -1.0660866056732894e-14 -0.34258602885382328 0.93948646229425137 -9.7162236978767715e-15 6.6870968445217128e-15 1.2780524395296364e-14 1</Rotation>
<Translation>0.022168691197144097 0.1026273249823173 0.046733470242350528</Translation>
</Transform>
</Instance>
</Instance>
<Instance name="solenoid body-1" uid="solenoid body-1" entityUid="solenoid body*:*Default">
<Transform>
<Rotation>0.16569777049720624 -0.98617658096927818 -1.5985344324918496e-14 0.98617658096927818 0.16569777049720624 9.4242205254419757e-16 1.7193413576613649e-15 -1.5920529444938628e-14 0.99999999999999989</Rotation>
<Translation>0.10633658550906799 -0.0033535835699267103 0.24582614572091299</Translation>
</Transform>
</Instance>
</Instance>
<Instance name="frets_assembly-7" uid="frets_assembly-7" entityUid="frets_assembly">
<Transform>
<Rotation>0.98617658096927807 -0.16569777049720699 8.9731544944506367e-15 6.9977718316553534e-15 -1.2505393336843851e-14 -1 0.16569777049720699 0.98617658096927807 -1.1173010853651202e-14</Rotation>
<Translation>0.83929964685649128 1.0361643160304124 0.41257294826754454</Translation>
</Transform>
<Instance name="solenoid_shaft-1" uid="solenoid_shaft-1" entityUid="solenoid_shaft*:*Default">
<Transform>
<Rotation>-0.97224245990410818 0.16519336552011923 -0.16569777049720702 0.16335655408739611 -0.027755853156347637 -0.98617658096927807 -0.16750891139369409 -0.9858705617897815 -1.7173762412170469e-15</Rotation>
<Translation>0.083248294591846128 0.011454827045359661 0.24982614572133843</Translation>
</Transform>
</Instance>
<Instance name="solenoid body-1" uid="solenoid body-1" entityUid="solenoid body*:*Default">
<Transform>
<Rotation>0.16569777049720624 -0.98617658096927818 -1.5985344324919307e-14 0.98617658096927818 0.16569777049720624 9.4242205255037435e-16 1.7193413576551376e-15 -1.592052944494054e-14 0.99999999999999989</Rotation>
<Translation>0.085898040509240436 8.0508664586809164e-05 0.24582614572097206</Translation>
</Transform>
</Instance>
<Instance name="motor casing-1" uid="motor casing-1" entityUid="motor casing*:*Default">
<Transform>
<Rotation>-0.13692369438904886 0.99058159780749744 -1.3958610550595501e-14 -0.99058159780749744 -0.13692369438904886 1.3898750133764557e-14 1.185658158990615e-14 1.5730210958086775e-14 1</Rotation>
<Translation>0.011647996466746191 0.046337185463970698 0.20482614572091118</Translation>
</Transform>
</Instance>
<Instance name="shaft-2" uid="shaft-2" entityUid="shaft*:*Default">
<Transform>
<Rotation>1 0 0 0 1 0 0 0 1</Rotation>
<Translation>0.011647996466714217 0.046337185463984798 0.20482614572090285</Translation>
</Transform>
</Instance>
<Instance name="rackandpinion-1" uid="rackandpinion-1" entityUid="rackandpinion">
<Transform>
<Rotation>-0.041929025392970082 0.99912059173534995 -7.3567076978763762e-15 -0.99912059173534995 -0.041929025392970082 6.7312747768001957e-15 6.4168956542569181e-15 7.6324739393697483e-15 1</Rotation>
<Translation>-0.069900824527028393 0.069419167617127742 0.19809267547856169</Translation>
</Transform>
<Instance name="rack-1" uid="rack-1" entityUid="rack*:*Default">
<Transform>
<Rotation>0.12420263160298435 -0.99225687516030514 -6.8331262349699055e-15 0.99225687516030514 0.12420263160298435 -6.7537623416314242e-15 7.5501593771411788e-15 -5.9413814294353713e-15 1</Rotation>
<Translation>0.036016680989629679 0.0011723400155392305 0.046733470242349529</Translation>
</Transform>
</Instance>
<Instance name="gear_pinion-1" uid="gear_pinion-1" entityUid="gear_pinion*:*Default">
<Transform>
<Rotation>0.93430852127700026 0.35646540795592646 -5.8405657765274092e-15 -0.35646540795592646 0.93430852127700026 1.4729151001406916e-16 5.5093947022939863e-15 1.9443439493053638e-15 0.99999999999999989</Rotation>
<Translation>0.019642421081069616 0.082444911302413604 0.046733470242342756</Translation>
</Transform>
</Instance>
</Instance>
</Instance>
<Instance name="motor base-6" uid="motor base-6" entityUid="motor base*:*Default">
<Transform>
<Rotation>0.99991044473519597 0.013382918570432631 0 0 0 -1 -0.013382918570432631 0.99991044473519597 0</Rotation>
<Translation>0.82223036476304645 0.89233817030950668 0.31847042741155279</Translation>
</Transform>
</Instance>
<Instance name="motor base-7" uid="motor base-7" entityUid="motor base*:*Default">
<Transform>
<Rotation>0.99991044473519719 0.013382918570319318 0 0 0 -0.99999999999999989 -0.013382918570319318 0.99991044473519719 0</Rotation>
<Translation>1.0033631772628329 0.80583817030950711 0.31847042741217013</Translation>
</Transform>
</Instance>
<Instance name="guitar_support-1" uid="guitar_support-1" entityUid="guitar_support*:*Default">
<Transform>
<Rotation>1 6.9829626776862667e-15 -6.9829626776862667e-15 -6.9829626776862667e-15 0 -1 -6.9829626776862667e-15 1 0</Rotation>
<Translation>0.91737114087231542 0.96733817030929192 0.39035976804300282</Translation>
</Transform>
</Instance>
<Instance name="rack_base_assembly-14" uid="rack_base_assembly-14" entityUid="rack_base_assembly" rigid="true">
<Transform>
<Rotation>1 6.9829626776862667e-15 -6.9829626776862667e-15 -6.9829626776862667e-15 0 -1 -6.9829626776862667e-15 1 0</Rotation>
<Translation>1.0557541431483126 0.88926955957728859 0.33070011718774112</Translation>
</Transform>
<Instance name="rack_base-1" uid="rack_base-1" grounded="true" entityUid="rack_base*:*Default">
<Transform>
<Rotation>1 0 0 0 1 0 0 0 1</Rotation>
<Translation>0.04890533217741222 0.02384782289828058 0.071431389267789136</Translation>
</Transform>
</Instance>
<Instance name="rack_support-1" uid="rack_support-1" entityUid="rack_support*:*Default">
<Transform>
<Rotation>-0.79793980655573471 0.60273714429575065 0 -0.60273714429575065 -0.79793980655573471 0 0 0 0.99999999999999989</Rotation>
<Translation>-0.016901579533551425 0.078810048889921214 0.071431389267789136</Translation>
</Transform>
</Instance>
</Instance>
<Instance name="frets_assembly-11" uid="frets_assembly-11" entityUid="frets_assembly">
<Transform>
<Rotation>-0.98617658096927796 0.16569777049720691 -8.8840799380235845e-15 -6.8983533517980088e-15 1.2559525749711552e-14 0.99999999999999989 0.16569777049720691 0.98617658096927796 -1.1242868391951283e-14</Rotation>
<Translation>1.0260129473881694 0.57001202458061995 0.41257294826754448</Translation>
</Transform>
<Instance name="solenoid_shaft-1" uid="solenoid_shaft-1" entityUid="solenoid_shaft*:*Default">
<Transform>
<Rotation>-0.98197046581068059 0.090984906043861058 -0.16569777049720633 0.1649910574017189 -0.015287319098113535 -0.98617658096927818 -0.092260258253582667 -0.99573492694942789 -1.618497003086361e-15</Rotation>
<Translation>0.089087830443287608 0.0091028813840567935 0.2498261457288784</Translation>
</Transform>
</Instance>
<Instance name="shaft-2" uid="shaft-2" entityUid="shaft*:*Default">
<Transform>
<Rotation>1 0 0 0 1 0 0 0 1</Rotation>
<Translation>0.009638628635206814 0.046674800254666415 0.20482614572489555</Translation>
</Transform>
</Instance>
<Instance name="motor casing-1" uid="motor casing-1" entityUid="motor casing*:*Default">
<Transform>
<Rotation>-0.13692369438904883 0.99058159780749733 -1.3958610550595564e-14 -0.99058159780749733 -0.13692369438904883 1.3898750133764604e-14 1.185658158990622e-14 1.5730210958086879e-14 0.99999999999999978</Rotation>
<Translation>0.0096386286352040385 0.046674800254669191 0.2048261457248951</Translation>
</Transform>
</Instance>
<Instance name="rackandpinion-1" uid="rackandpinion-1" entityUid="rackandpinion">
<Transform>
<Rotation>-0.041929025392970054 0.99912059173534984 -7.3567076978763715e-15 -0.99912059173534984 -0.041929025392970054 6.7312747768001878e-15 6.4168956542569283e-15 7.6324739393697609e-15 0.99999999999999978</Rotation>
